{
    "this": 1.0,
    "very": 1.0,
    "is": 1.0,
    "strange": 1.6931471805599454,
    "nice": 1.6931471805599454
}